{
 "cells": [
  {
   "cell_type": "code",
   "execution_count": 3,
   "metadata": {},
   "outputs": [],
   "source": [
    "import pandas as pd\n",
    "import numpy as np"
   ]
  },
  {
   "cell_type": "code",
   "execution_count": 4,
   "metadata": {},
   "outputs": [],
   "source": [
    "df = pd.read_csv('Country-data.csv')\n",
    "country_names = np.asarray(df['country'])\n",
    "df.drop('country', axis=1, inplace=True)\n",
    "\n",
    "df_columns = df.columns\n"
   ]
  },
  {
   "cell_type": "code",
   "execution_count": 5,
   "metadata": {},
   "outputs": [
    {
     "data": {
      "text/html": [
       "<div>\n",
       "<style scoped>\n",
       "    .dataframe tbody tr th:only-of-type {\n",
       "        vertical-align: middle;\n",
       "    }\n",
       "\n",
       "    .dataframe tbody tr th {\n",
       "        vertical-align: top;\n",
       "    }\n",
       "\n",
       "    .dataframe thead th {\n",
       "        text-align: right;\n",
       "    }\n",
       "</style>\n",
       "<table border=\"1\" class=\"dataframe\">\n",
       "  <thead>\n",
       "    <tr style=\"text-align: right;\">\n",
       "      <th></th>\n",
       "      <th>child_mort</th>\n",
       "      <th>exports</th>\n",
       "      <th>health</th>\n",
       "      <th>imports</th>\n",
       "      <th>income</th>\n",
       "      <th>inflation</th>\n",
       "      <th>life_expec</th>\n",
       "      <th>total_fer</th>\n",
       "      <th>gdpp</th>\n",
       "    </tr>\n",
       "  </thead>\n",
       "  <tbody>\n",
       "    <tr>\n",
       "      <th>child_mort</th>\n",
       "      <td>1626.422713</td>\n",
       "      <td>-351.651128</td>\n",
       "      <td>-22.199943</td>\n",
       "      <td>-124.201982</td>\n",
       "      <td>-4.076360e+05</td>\n",
       "      <td>122.893627</td>\n",
       "      <td>-318.008262</td>\n",
       "      <td>51.801162</td>\n",
       "      <td>-3.570463e+05</td>\n",
       "    </tr>\n",
       "    <tr>\n",
       "      <th>exports</th>\n",
       "      <td>-351.651128</td>\n",
       "      <td>751.418298</td>\n",
       "      <td>-8.614534</td>\n",
       "      <td>489.350622</td>\n",
       "      <td>2.730946e+05</td>\n",
       "      <td>-31.090078</td>\n",
       "      <td>77.110598</td>\n",
       "      <td>-13.279671</td>\n",
       "      <td>2.103785e+05</td>\n",
       "    </tr>\n",
       "    <tr>\n",
       "      <th>health</th>\n",
       "      <td>-22.199943</td>\n",
       "      <td>-8.614534</td>\n",
       "      <td>7.545116</td>\n",
       "      <td>6.365141</td>\n",
       "      <td>6.861669e+03</td>\n",
       "      <td>-7.415093</td>\n",
       "      <td>5.146808</td>\n",
       "      <td>-0.817828</td>\n",
       "      <td>1.741797e+04</td>\n",
       "    </tr>\n",
       "    <tr>\n",
       "      <th>imports</th>\n",
       "      <td>-124.201982</td>\n",
       "      <td>489.350622</td>\n",
       "      <td>6.365141</td>\n",
       "      <td>586.104198</td>\n",
       "      <td>5.712872e+04</td>\n",
       "      <td>-63.208898</td>\n",
       "      <td>11.710284</td>\n",
       "      <td>-5.829066</td>\n",
       "      <td>5.125005e+04</td>\n",
       "    </tr>\n",
       "    <tr>\n",
       "      <th>income</th>\n",
       "      <td>-407635.982270</td>\n",
       "      <td>273094.598023</td>\n",
       "      <td>6861.669071</td>\n",
       "      <td>57128.721588</td>\n",
       "      <td>3.716439e+08</td>\n",
       "      <td>-30110.122438</td>\n",
       "      <td>104916.785517</td>\n",
       "      <td>-14645.727927</td>\n",
       "      <td>3.164430e+08</td>\n",
       "    </tr>\n",
       "    <tr>\n",
       "      <th>inflation</th>\n",
       "      <td>122.893627</td>\n",
       "      <td>-31.090078</td>\n",
       "      <td>-7.415093</td>\n",
       "      <td>-63.208898</td>\n",
       "      <td>-3.011012e+04</td>\n",
       "      <td>111.739781</td>\n",
       "      <td>-22.533965</td>\n",
       "      <td>5.071509</td>\n",
       "      <td>-4.294042e+04</td>\n",
       "    </tr>\n",
       "    <tr>\n",
       "      <th>life_expec</th>\n",
       "      <td>-318.008262</td>\n",
       "      <td>77.110598</td>\n",
       "      <td>5.146808</td>\n",
       "      <td>11.710284</td>\n",
       "      <td>1.049168e+05</td>\n",
       "      <td>-22.533965</td>\n",
       "      <td>79.088507</td>\n",
       "      <td>-10.243585</td>\n",
       "      <td>9.781472e+04</td>\n",
       "    </tr>\n",
       "    <tr>\n",
       "      <th>total_fer</th>\n",
       "      <td>51.801162</td>\n",
       "      <td>-13.279671</td>\n",
       "      <td>-0.817828</td>\n",
       "      <td>-5.829066</td>\n",
       "      <td>-1.464573e+04</td>\n",
       "      <td>5.071509</td>\n",
       "      <td>-10.243585</td>\n",
       "      <td>2.291734</td>\n",
       "      <td>-1.262233e+04</td>\n",
       "    </tr>\n",
       "    <tr>\n",
       "      <th>gdpp</th>\n",
       "      <td>-357046.306154</td>\n",
       "      <td>210378.470377</td>\n",
       "      <td>17417.971217</td>\n",
       "      <td>51250.050217</td>\n",
       "      <td>3.164430e+08</td>\n",
       "      <td>-42940.421636</td>\n",
       "      <td>97814.722603</td>\n",
       "      <td>-12622.333657</td>\n",
       "      <td>3.359414e+08</td>\n",
       "    </tr>\n",
       "  </tbody>\n",
       "</table>\n",
       "</div>"
      ],
      "text/plain": [
       "               child_mort        exports        health       imports  \\\n",
       "child_mort    1626.422713    -351.651128    -22.199943   -124.201982   \n",
       "exports       -351.651128     751.418298     -8.614534    489.350622   \n",
       "health         -22.199943      -8.614534      7.545116      6.365141   \n",
       "imports       -124.201982     489.350622      6.365141    586.104198   \n",
       "income     -407635.982270  273094.598023   6861.669071  57128.721588   \n",
       "inflation      122.893627     -31.090078     -7.415093    -63.208898   \n",
       "life_expec    -318.008262      77.110598      5.146808     11.710284   \n",
       "total_fer       51.801162     -13.279671     -0.817828     -5.829066   \n",
       "gdpp       -357046.306154  210378.470377  17417.971217  51250.050217   \n",
       "\n",
       "                  income     inflation     life_expec     total_fer  \\\n",
       "child_mort -4.076360e+05    122.893627    -318.008262     51.801162   \n",
       "exports     2.730946e+05    -31.090078      77.110598    -13.279671   \n",
       "health      6.861669e+03     -7.415093       5.146808     -0.817828   \n",
       "imports     5.712872e+04    -63.208898      11.710284     -5.829066   \n",
       "income      3.716439e+08 -30110.122438  104916.785517 -14645.727927   \n",
       "inflation  -3.011012e+04    111.739781     -22.533965      5.071509   \n",
       "life_expec  1.049168e+05    -22.533965      79.088507    -10.243585   \n",
       "total_fer  -1.464573e+04      5.071509     -10.243585      2.291734   \n",
       "gdpp        3.164430e+08 -42940.421636   97814.722603 -12622.333657   \n",
       "\n",
       "                    gdpp  \n",
       "child_mort -3.570463e+05  \n",
       "exports     2.103785e+05  \n",
       "health      1.741797e+04  \n",
       "imports     5.125005e+04  \n",
       "income      3.164430e+08  \n",
       "inflation  -4.294042e+04  \n",
       "life_expec  9.781472e+04  \n",
       "total_fer  -1.262233e+04  \n",
       "gdpp        3.359414e+08  "
      ]
     },
     "execution_count": 5,
     "metadata": {},
     "output_type": "execute_result"
    }
   ],
   "source": [
    "df.cov()"
   ]
  },
  {
   "cell_type": "code",
   "execution_count": 6,
   "metadata": {},
   "outputs": [
    {
     "data": {
      "text/html": [
       "<div>\n",
       "<style scoped>\n",
       "    .dataframe tbody tr th:only-of-type {\n",
       "        vertical-align: middle;\n",
       "    }\n",
       "\n",
       "    .dataframe tbody tr th {\n",
       "        vertical-align: top;\n",
       "    }\n",
       "\n",
       "    .dataframe thead th {\n",
       "        text-align: right;\n",
       "    }\n",
       "</style>\n",
       "<table border=\"1\" class=\"dataframe\">\n",
       "  <thead>\n",
       "    <tr style=\"text-align: right;\">\n",
       "      <th></th>\n",
       "      <th>child_mort</th>\n",
       "      <th>exports</th>\n",
       "      <th>health</th>\n",
       "      <th>imports</th>\n",
       "      <th>income</th>\n",
       "      <th>inflation</th>\n",
       "      <th>life_expec</th>\n",
       "      <th>total_fer</th>\n",
       "      <th>gdpp</th>\n",
       "    </tr>\n",
       "  </thead>\n",
       "  <tbody>\n",
       "    <tr>\n",
       "      <th>child_mort</th>\n",
       "      <td>1.000000</td>\n",
       "      <td>-0.318093</td>\n",
       "      <td>-0.200402</td>\n",
       "      <td>-0.127211</td>\n",
       "      <td>-0.524315</td>\n",
       "      <td>0.288276</td>\n",
       "      <td>-0.886676</td>\n",
       "      <td>0.848478</td>\n",
       "      <td>-0.483032</td>\n",
       "    </tr>\n",
       "    <tr>\n",
       "      <th>exports</th>\n",
       "      <td>-0.318093</td>\n",
       "      <td>1.000000</td>\n",
       "      <td>-0.114408</td>\n",
       "      <td>0.737381</td>\n",
       "      <td>0.516784</td>\n",
       "      <td>-0.107294</td>\n",
       "      <td>0.316313</td>\n",
       "      <td>-0.320011</td>\n",
       "      <td>0.418725</td>\n",
       "    </tr>\n",
       "    <tr>\n",
       "      <th>health</th>\n",
       "      <td>-0.200402</td>\n",
       "      <td>-0.114408</td>\n",
       "      <td>1.000000</td>\n",
       "      <td>0.095717</td>\n",
       "      <td>0.129579</td>\n",
       "      <td>-0.255376</td>\n",
       "      <td>0.210692</td>\n",
       "      <td>-0.196674</td>\n",
       "      <td>0.345966</td>\n",
       "    </tr>\n",
       "    <tr>\n",
       "      <th>imports</th>\n",
       "      <td>-0.127211</td>\n",
       "      <td>0.737381</td>\n",
       "      <td>0.095717</td>\n",
       "      <td>1.000000</td>\n",
       "      <td>0.122406</td>\n",
       "      <td>-0.246994</td>\n",
       "      <td>0.054391</td>\n",
       "      <td>-0.159048</td>\n",
       "      <td>0.115498</td>\n",
       "    </tr>\n",
       "    <tr>\n",
       "      <th>income</th>\n",
       "      <td>-0.524315</td>\n",
       "      <td>0.516784</td>\n",
       "      <td>0.129579</td>\n",
       "      <td>0.122406</td>\n",
       "      <td>1.000000</td>\n",
       "      <td>-0.147756</td>\n",
       "      <td>0.611962</td>\n",
       "      <td>-0.501840</td>\n",
       "      <td>0.895571</td>\n",
       "    </tr>\n",
       "    <tr>\n",
       "      <th>inflation</th>\n",
       "      <td>0.288276</td>\n",
       "      <td>-0.107294</td>\n",
       "      <td>-0.255376</td>\n",
       "      <td>-0.246994</td>\n",
       "      <td>-0.147756</td>\n",
       "      <td>1.000000</td>\n",
       "      <td>-0.239705</td>\n",
       "      <td>0.316921</td>\n",
       "      <td>-0.221631</td>\n",
       "    </tr>\n",
       "    <tr>\n",
       "      <th>life_expec</th>\n",
       "      <td>-0.886676</td>\n",
       "      <td>0.316313</td>\n",
       "      <td>0.210692</td>\n",
       "      <td>0.054391</td>\n",
       "      <td>0.611962</td>\n",
       "      <td>-0.239705</td>\n",
       "      <td>1.000000</td>\n",
       "      <td>-0.760875</td>\n",
       "      <td>0.600089</td>\n",
       "    </tr>\n",
       "    <tr>\n",
       "      <th>total_fer</th>\n",
       "      <td>0.848478</td>\n",
       "      <td>-0.320011</td>\n",
       "      <td>-0.196674</td>\n",
       "      <td>-0.159048</td>\n",
       "      <td>-0.501840</td>\n",
       "      <td>0.316921</td>\n",
       "      <td>-0.760875</td>\n",
       "      <td>1.000000</td>\n",
       "      <td>-0.454910</td>\n",
       "    </tr>\n",
       "    <tr>\n",
       "      <th>gdpp</th>\n",
       "      <td>-0.483032</td>\n",
       "      <td>0.418725</td>\n",
       "      <td>0.345966</td>\n",
       "      <td>0.115498</td>\n",
       "      <td>0.895571</td>\n",
       "      <td>-0.221631</td>\n",
       "      <td>0.600089</td>\n",
       "      <td>-0.454910</td>\n",
       "      <td>1.000000</td>\n",
       "    </tr>\n",
       "  </tbody>\n",
       "</table>\n",
       "</div>"
      ],
      "text/plain": [
       "            child_mort   exports    health   imports    income  inflation  \\\n",
       "child_mort    1.000000 -0.318093 -0.200402 -0.127211 -0.524315   0.288276   \n",
       "exports      -0.318093  1.000000 -0.114408  0.737381  0.516784  -0.107294   \n",
       "health       -0.200402 -0.114408  1.000000  0.095717  0.129579  -0.255376   \n",
       "imports      -0.127211  0.737381  0.095717  1.000000  0.122406  -0.246994   \n",
       "income       -0.524315  0.516784  0.129579  0.122406  1.000000  -0.147756   \n",
       "inflation     0.288276 -0.107294 -0.255376 -0.246994 -0.147756   1.000000   \n",
       "life_expec   -0.886676  0.316313  0.210692  0.054391  0.611962  -0.239705   \n",
       "total_fer     0.848478 -0.320011 -0.196674 -0.159048 -0.501840   0.316921   \n",
       "gdpp         -0.483032  0.418725  0.345966  0.115498  0.895571  -0.221631   \n",
       "\n",
       "            life_expec  total_fer      gdpp  \n",
       "child_mort   -0.886676   0.848478 -0.483032  \n",
       "exports       0.316313  -0.320011  0.418725  \n",
       "health        0.210692  -0.196674  0.345966  \n",
       "imports       0.054391  -0.159048  0.115498  \n",
       "income        0.611962  -0.501840  0.895571  \n",
       "inflation    -0.239705   0.316921 -0.221631  \n",
       "life_expec    1.000000  -0.760875  0.600089  \n",
       "total_fer    -0.760875   1.000000 -0.454910  \n",
       "gdpp          0.600089  -0.454910  1.000000  "
      ]
     },
     "execution_count": 6,
     "metadata": {},
     "output_type": "execute_result"
    }
   ],
   "source": [
    "df.corr()"
   ]
  },
  {
   "cell_type": "code",
   "execution_count": 7,
   "metadata": {},
   "outputs": [],
   "source": [
    "from sklearn.preprocessing import StandardScaler\n",
    "learn_scaler=StandardScaler().fit(df)\n",
    "standard_df = learn_scaler.transform(df)\n",
    "standard_df = pd.DataFrame(standard_df, columns = df_columns)"
   ]
  },
  {
   "cell_type": "code",
   "execution_count": 8,
   "metadata": {},
   "outputs": [
    {
     "data": {
      "text/html": [
       "<div>\n",
       "<style scoped>\n",
       "    .dataframe tbody tr th:only-of-type {\n",
       "        vertical-align: middle;\n",
       "    }\n",
       "\n",
       "    .dataframe tbody tr th {\n",
       "        vertical-align: top;\n",
       "    }\n",
       "\n",
       "    .dataframe thead th {\n",
       "        text-align: right;\n",
       "    }\n",
       "</style>\n",
       "<table border=\"1\" class=\"dataframe\">\n",
       "  <thead>\n",
       "    <tr style=\"text-align: right;\">\n",
       "      <th></th>\n",
       "      <th>child_mort</th>\n",
       "      <th>exports</th>\n",
       "      <th>health</th>\n",
       "      <th>imports</th>\n",
       "      <th>income</th>\n",
       "      <th>inflation</th>\n",
       "      <th>life_expec</th>\n",
       "      <th>total_fer</th>\n",
       "      <th>gdpp</th>\n",
       "    </tr>\n",
       "  </thead>\n",
       "  <tbody>\n",
       "    <tr>\n",
       "      <th>child_mort</th>\n",
       "      <td>1.006024</td>\n",
       "      <td>-0.320009</td>\n",
       "      <td>-0.201609</td>\n",
       "      <td>-0.127977</td>\n",
       "      <td>-0.527474</td>\n",
       "      <td>0.290013</td>\n",
       "      <td>-0.892018</td>\n",
       "      <td>0.853589</td>\n",
       "      <td>-0.485942</td>\n",
       "    </tr>\n",
       "    <tr>\n",
       "      <th>exports</th>\n",
       "      <td>-0.320009</td>\n",
       "      <td>1.006024</td>\n",
       "      <td>-0.115098</td>\n",
       "      <td>0.741823</td>\n",
       "      <td>0.519897</td>\n",
       "      <td>-0.107941</td>\n",
       "      <td>0.318218</td>\n",
       "      <td>-0.321938</td>\n",
       "      <td>0.421247</td>\n",
       "    </tr>\n",
       "    <tr>\n",
       "      <th>health</th>\n",
       "      <td>-0.201609</td>\n",
       "      <td>-0.115098</td>\n",
       "      <td>1.006024</td>\n",
       "      <td>0.096293</td>\n",
       "      <td>0.130359</td>\n",
       "      <td>-0.256914</td>\n",
       "      <td>0.211961</td>\n",
       "      <td>-0.197859</td>\n",
       "      <td>0.348050</td>\n",
       "    </tr>\n",
       "    <tr>\n",
       "      <th>imports</th>\n",
       "      <td>-0.127977</td>\n",
       "      <td>0.741823</td>\n",
       "      <td>0.096293</td>\n",
       "      <td>1.006024</td>\n",
       "      <td>0.123144</td>\n",
       "      <td>-0.248482</td>\n",
       "      <td>0.054718</td>\n",
       "      <td>-0.160007</td>\n",
       "      <td>0.116194</td>\n",
       "    </tr>\n",
       "    <tr>\n",
       "      <th>income</th>\n",
       "      <td>-0.527474</td>\n",
       "      <td>0.519897</td>\n",
       "      <td>0.130359</td>\n",
       "      <td>0.123144</td>\n",
       "      <td>1.006024</td>\n",
       "      <td>-0.148646</td>\n",
       "      <td>0.615649</td>\n",
       "      <td>-0.504863</td>\n",
       "      <td>0.900966</td>\n",
       "    </tr>\n",
       "    <tr>\n",
       "      <th>inflation</th>\n",
       "      <td>0.290013</td>\n",
       "      <td>-0.107941</td>\n",
       "      <td>-0.256914</td>\n",
       "      <td>-0.248482</td>\n",
       "      <td>-0.148646</td>\n",
       "      <td>1.006024</td>\n",
       "      <td>-0.241149</td>\n",
       "      <td>0.318830</td>\n",
       "      <td>-0.222966</td>\n",
       "    </tr>\n",
       "    <tr>\n",
       "      <th>life_expec</th>\n",
       "      <td>-0.892018</td>\n",
       "      <td>0.318218</td>\n",
       "      <td>0.211961</td>\n",
       "      <td>0.054718</td>\n",
       "      <td>0.615649</td>\n",
       "      <td>-0.241149</td>\n",
       "      <td>1.006024</td>\n",
       "      <td>-0.765458</td>\n",
       "      <td>0.603704</td>\n",
       "    </tr>\n",
       "    <tr>\n",
       "      <th>total_fer</th>\n",
       "      <td>0.853589</td>\n",
       "      <td>-0.321938</td>\n",
       "      <td>-0.197859</td>\n",
       "      <td>-0.160007</td>\n",
       "      <td>-0.504863</td>\n",
       "      <td>0.318830</td>\n",
       "      <td>-0.765458</td>\n",
       "      <td>1.006024</td>\n",
       "      <td>-0.457651</td>\n",
       "    </tr>\n",
       "    <tr>\n",
       "      <th>gdpp</th>\n",
       "      <td>-0.485942</td>\n",
       "      <td>0.421247</td>\n",
       "      <td>0.348050</td>\n",
       "      <td>0.116194</td>\n",
       "      <td>0.900966</td>\n",
       "      <td>-0.222966</td>\n",
       "      <td>0.603704</td>\n",
       "      <td>-0.457651</td>\n",
       "      <td>1.006024</td>\n",
       "    </tr>\n",
       "  </tbody>\n",
       "</table>\n",
       "</div>"
      ],
      "text/plain": [
       "            child_mort   exports    health   imports    income  inflation  \\\n",
       "child_mort    1.006024 -0.320009 -0.201609 -0.127977 -0.527474   0.290013   \n",
       "exports      -0.320009  1.006024 -0.115098  0.741823  0.519897  -0.107941   \n",
       "health       -0.201609 -0.115098  1.006024  0.096293  0.130359  -0.256914   \n",
       "imports      -0.127977  0.741823  0.096293  1.006024  0.123144  -0.248482   \n",
       "income       -0.527474  0.519897  0.130359  0.123144  1.006024  -0.148646   \n",
       "inflation     0.290013 -0.107941 -0.256914 -0.248482 -0.148646   1.006024   \n",
       "life_expec   -0.892018  0.318218  0.211961  0.054718  0.615649  -0.241149   \n",
       "total_fer     0.853589 -0.321938 -0.197859 -0.160007 -0.504863   0.318830   \n",
       "gdpp         -0.485942  0.421247  0.348050  0.116194  0.900966  -0.222966   \n",
       "\n",
       "            life_expec  total_fer      gdpp  \n",
       "child_mort   -0.892018   0.853589 -0.485942  \n",
       "exports       0.318218  -0.321938  0.421247  \n",
       "health        0.211961  -0.197859  0.348050  \n",
       "imports       0.054718  -0.160007  0.116194  \n",
       "income        0.615649  -0.504863  0.900966  \n",
       "inflation    -0.241149   0.318830 -0.222966  \n",
       "life_expec    1.006024  -0.765458  0.603704  \n",
       "total_fer    -0.765458   1.006024 -0.457651  \n",
       "gdpp          0.603704  -0.457651  1.006024  "
      ]
     },
     "execution_count": 8,
     "metadata": {},
     "output_type": "execute_result"
    }
   ],
   "source": [
    "standard_df.cov()"
   ]
  },
  {
   "cell_type": "code",
   "execution_count": 9,
   "metadata": {},
   "outputs": [
    {
     "data": {
      "text/html": [
       "<div>\n",
       "<style scoped>\n",
       "    .dataframe tbody tr th:only-of-type {\n",
       "        vertical-align: middle;\n",
       "    }\n",
       "\n",
       "    .dataframe tbody tr th {\n",
       "        vertical-align: top;\n",
       "    }\n",
       "\n",
       "    .dataframe thead th {\n",
       "        text-align: right;\n",
       "    }\n",
       "</style>\n",
       "<table border=\"1\" class=\"dataframe\">\n",
       "  <thead>\n",
       "    <tr style=\"text-align: right;\">\n",
       "      <th></th>\n",
       "      <th>child_mort</th>\n",
       "      <th>exports</th>\n",
       "      <th>health</th>\n",
       "      <th>imports</th>\n",
       "      <th>income</th>\n",
       "      <th>inflation</th>\n",
       "      <th>life_expec</th>\n",
       "      <th>total_fer</th>\n",
       "      <th>gdpp</th>\n",
       "    </tr>\n",
       "  </thead>\n",
       "  <tbody>\n",
       "    <tr>\n",
       "      <th>child_mort</th>\n",
       "      <td>1.000000</td>\n",
       "      <td>-0.318093</td>\n",
       "      <td>-0.200402</td>\n",
       "      <td>-0.127211</td>\n",
       "      <td>-0.524315</td>\n",
       "      <td>0.288276</td>\n",
       "      <td>-0.886676</td>\n",
       "      <td>0.848478</td>\n",
       "      <td>-0.483032</td>\n",
       "    </tr>\n",
       "    <tr>\n",
       "      <th>exports</th>\n",
       "      <td>-0.318093</td>\n",
       "      <td>1.000000</td>\n",
       "      <td>-0.114408</td>\n",
       "      <td>0.737381</td>\n",
       "      <td>0.516784</td>\n",
       "      <td>-0.107294</td>\n",
       "      <td>0.316313</td>\n",
       "      <td>-0.320011</td>\n",
       "      <td>0.418725</td>\n",
       "    </tr>\n",
       "    <tr>\n",
       "      <th>health</th>\n",
       "      <td>-0.200402</td>\n",
       "      <td>-0.114408</td>\n",
       "      <td>1.000000</td>\n",
       "      <td>0.095717</td>\n",
       "      <td>0.129579</td>\n",
       "      <td>-0.255376</td>\n",
       "      <td>0.210692</td>\n",
       "      <td>-0.196674</td>\n",
       "      <td>0.345966</td>\n",
       "    </tr>\n",
       "    <tr>\n",
       "      <th>imports</th>\n",
       "      <td>-0.127211</td>\n",
       "      <td>0.737381</td>\n",
       "      <td>0.095717</td>\n",
       "      <td>1.000000</td>\n",
       "      <td>0.122406</td>\n",
       "      <td>-0.246994</td>\n",
       "      <td>0.054391</td>\n",
       "      <td>-0.159048</td>\n",
       "      <td>0.115498</td>\n",
       "    </tr>\n",
       "    <tr>\n",
       "      <th>income</th>\n",
       "      <td>-0.524315</td>\n",
       "      <td>0.516784</td>\n",
       "      <td>0.129579</td>\n",
       "      <td>0.122406</td>\n",
       "      <td>1.000000</td>\n",
       "      <td>-0.147756</td>\n",
       "      <td>0.611962</td>\n",
       "      <td>-0.501840</td>\n",
       "      <td>0.895571</td>\n",
       "    </tr>\n",
       "    <tr>\n",
       "      <th>inflation</th>\n",
       "      <td>0.288276</td>\n",
       "      <td>-0.107294</td>\n",
       "      <td>-0.255376</td>\n",
       "      <td>-0.246994</td>\n",
       "      <td>-0.147756</td>\n",
       "      <td>1.000000</td>\n",
       "      <td>-0.239705</td>\n",
       "      <td>0.316921</td>\n",
       "      <td>-0.221631</td>\n",
       "    </tr>\n",
       "    <tr>\n",
       "      <th>life_expec</th>\n",
       "      <td>-0.886676</td>\n",
       "      <td>0.316313</td>\n",
       "      <td>0.210692</td>\n",
       "      <td>0.054391</td>\n",
       "      <td>0.611962</td>\n",
       "      <td>-0.239705</td>\n",
       "      <td>1.000000</td>\n",
       "      <td>-0.760875</td>\n",
       "      <td>0.600089</td>\n",
       "    </tr>\n",
       "    <tr>\n",
       "      <th>total_fer</th>\n",
       "      <td>0.848478</td>\n",
       "      <td>-0.320011</td>\n",
       "      <td>-0.196674</td>\n",
       "      <td>-0.159048</td>\n",
       "      <td>-0.501840</td>\n",
       "      <td>0.316921</td>\n",
       "      <td>-0.760875</td>\n",
       "      <td>1.000000</td>\n",
       "      <td>-0.454910</td>\n",
       "    </tr>\n",
       "    <tr>\n",
       "      <th>gdpp</th>\n",
       "      <td>-0.483032</td>\n",
       "      <td>0.418725</td>\n",
       "      <td>0.345966</td>\n",
       "      <td>0.115498</td>\n",
       "      <td>0.895571</td>\n",
       "      <td>-0.221631</td>\n",
       "      <td>0.600089</td>\n",
       "      <td>-0.454910</td>\n",
       "      <td>1.000000</td>\n",
       "    </tr>\n",
       "  </tbody>\n",
       "</table>\n",
       "</div>"
      ],
      "text/plain": [
       "            child_mort   exports    health   imports    income  inflation  \\\n",
       "child_mort    1.000000 -0.318093 -0.200402 -0.127211 -0.524315   0.288276   \n",
       "exports      -0.318093  1.000000 -0.114408  0.737381  0.516784  -0.107294   \n",
       "health       -0.200402 -0.114408  1.000000  0.095717  0.129579  -0.255376   \n",
       "imports      -0.127211  0.737381  0.095717  1.000000  0.122406  -0.246994   \n",
       "income       -0.524315  0.516784  0.129579  0.122406  1.000000  -0.147756   \n",
       "inflation     0.288276 -0.107294 -0.255376 -0.246994 -0.147756   1.000000   \n",
       "life_expec   -0.886676  0.316313  0.210692  0.054391  0.611962  -0.239705   \n",
       "total_fer     0.848478 -0.320011 -0.196674 -0.159048 -0.501840   0.316921   \n",
       "gdpp         -0.483032  0.418725  0.345966  0.115498  0.895571  -0.221631   \n",
       "\n",
       "            life_expec  total_fer      gdpp  \n",
       "child_mort   -0.886676   0.848478 -0.483032  \n",
       "exports       0.316313  -0.320011  0.418725  \n",
       "health        0.210692  -0.196674  0.345966  \n",
       "imports       0.054391  -0.159048  0.115498  \n",
       "income        0.611962  -0.501840  0.895571  \n",
       "inflation    -0.239705   0.316921 -0.221631  \n",
       "life_expec    1.000000  -0.760875  0.600089  \n",
       "total_fer    -0.760875   1.000000 -0.454910  \n",
       "gdpp          0.600089  -0.454910  1.000000  "
      ]
     },
     "execution_count": 9,
     "metadata": {},
     "output_type": "execute_result"
    }
   ],
   "source": [
    "standard_df.corr()"
   ]
  },
  {
   "cell_type": "code",
   "execution_count": 10,
   "metadata": {},
   "outputs": [
    {
     "data": {
      "text/html": [
       "<div>\n",
       "<style scoped>\n",
       "    .dataframe tbody tr th:only-of-type {\n",
       "        vertical-align: middle;\n",
       "    }\n",
       "\n",
       "    .dataframe tbody tr th {\n",
       "        vertical-align: top;\n",
       "    }\n",
       "\n",
       "    .dataframe thead th {\n",
       "        text-align: right;\n",
       "    }\n",
       "</style>\n",
       "<table border=\"1\" class=\"dataframe\">\n",
       "  <thead>\n",
       "    <tr style=\"text-align: right;\">\n",
       "      <th></th>\n",
       "      <th>child_mort</th>\n",
       "      <th>exports</th>\n",
       "      <th>health</th>\n",
       "      <th>imports</th>\n",
       "      <th>income</th>\n",
       "      <th>inflation</th>\n",
       "      <th>life_expec</th>\n",
       "      <th>total_fer</th>\n",
       "      <th>gdpp</th>\n",
       "    </tr>\n",
       "  </thead>\n",
       "  <tbody>\n",
       "    <tr>\n",
       "      <th>child_mort</th>\n",
       "      <td>1.000000</td>\n",
       "      <td>NaN</td>\n",
       "      <td>NaN</td>\n",
       "      <td>NaN</td>\n",
       "      <td>NaN</td>\n",
       "      <td>NaN</td>\n",
       "      <td>NaN</td>\n",
       "      <td>0.848478</td>\n",
       "      <td>NaN</td>\n",
       "    </tr>\n",
       "    <tr>\n",
       "      <th>exports</th>\n",
       "      <td>NaN</td>\n",
       "      <td>1.0</td>\n",
       "      <td>NaN</td>\n",
       "      <td>NaN</td>\n",
       "      <td>NaN</td>\n",
       "      <td>NaN</td>\n",
       "      <td>NaN</td>\n",
       "      <td>NaN</td>\n",
       "      <td>NaN</td>\n",
       "    </tr>\n",
       "    <tr>\n",
       "      <th>health</th>\n",
       "      <td>NaN</td>\n",
       "      <td>NaN</td>\n",
       "      <td>1.0</td>\n",
       "      <td>NaN</td>\n",
       "      <td>NaN</td>\n",
       "      <td>NaN</td>\n",
       "      <td>NaN</td>\n",
       "      <td>NaN</td>\n",
       "      <td>NaN</td>\n",
       "    </tr>\n",
       "    <tr>\n",
       "      <th>imports</th>\n",
       "      <td>NaN</td>\n",
       "      <td>NaN</td>\n",
       "      <td>NaN</td>\n",
       "      <td>1.0</td>\n",
       "      <td>NaN</td>\n",
       "      <td>NaN</td>\n",
       "      <td>NaN</td>\n",
       "      <td>NaN</td>\n",
       "      <td>NaN</td>\n",
       "    </tr>\n",
       "    <tr>\n",
       "      <th>income</th>\n",
       "      <td>NaN</td>\n",
       "      <td>NaN</td>\n",
       "      <td>NaN</td>\n",
       "      <td>NaN</td>\n",
       "      <td>1.000000</td>\n",
       "      <td>NaN</td>\n",
       "      <td>NaN</td>\n",
       "      <td>NaN</td>\n",
       "      <td>0.895571</td>\n",
       "    </tr>\n",
       "    <tr>\n",
       "      <th>inflation</th>\n",
       "      <td>NaN</td>\n",
       "      <td>NaN</td>\n",
       "      <td>NaN</td>\n",
       "      <td>NaN</td>\n",
       "      <td>NaN</td>\n",
       "      <td>1.0</td>\n",
       "      <td>NaN</td>\n",
       "      <td>NaN</td>\n",
       "      <td>NaN</td>\n",
       "    </tr>\n",
       "    <tr>\n",
       "      <th>life_expec</th>\n",
       "      <td>NaN</td>\n",
       "      <td>NaN</td>\n",
       "      <td>NaN</td>\n",
       "      <td>NaN</td>\n",
       "      <td>NaN</td>\n",
       "      <td>NaN</td>\n",
       "      <td>1.0</td>\n",
       "      <td>NaN</td>\n",
       "      <td>NaN</td>\n",
       "    </tr>\n",
       "    <tr>\n",
       "      <th>total_fer</th>\n",
       "      <td>0.848478</td>\n",
       "      <td>NaN</td>\n",
       "      <td>NaN</td>\n",
       "      <td>NaN</td>\n",
       "      <td>NaN</td>\n",
       "      <td>NaN</td>\n",
       "      <td>NaN</td>\n",
       "      <td>1.000000</td>\n",
       "      <td>NaN</td>\n",
       "    </tr>\n",
       "    <tr>\n",
       "      <th>gdpp</th>\n",
       "      <td>NaN</td>\n",
       "      <td>NaN</td>\n",
       "      <td>NaN</td>\n",
       "      <td>NaN</td>\n",
       "      <td>0.895571</td>\n",
       "      <td>NaN</td>\n",
       "      <td>NaN</td>\n",
       "      <td>NaN</td>\n",
       "      <td>1.000000</td>\n",
       "    </tr>\n",
       "  </tbody>\n",
       "</table>\n",
       "</div>"
      ],
      "text/plain": [
       "            child_mort  exports  health  imports    income  inflation  \\\n",
       "child_mort    1.000000      NaN     NaN      NaN       NaN        NaN   \n",
       "exports            NaN      1.0     NaN      NaN       NaN        NaN   \n",
       "health             NaN      NaN     1.0      NaN       NaN        NaN   \n",
       "imports            NaN      NaN     NaN      1.0       NaN        NaN   \n",
       "income             NaN      NaN     NaN      NaN  1.000000        NaN   \n",
       "inflation          NaN      NaN     NaN      NaN       NaN        1.0   \n",
       "life_expec         NaN      NaN     NaN      NaN       NaN        NaN   \n",
       "total_fer     0.848478      NaN     NaN      NaN       NaN        NaN   \n",
       "gdpp               NaN      NaN     NaN      NaN  0.895571        NaN   \n",
       "\n",
       "            life_expec  total_fer      gdpp  \n",
       "child_mort         NaN   0.848478       NaN  \n",
       "exports            NaN        NaN       NaN  \n",
       "health             NaN        NaN       NaN  \n",
       "imports            NaN        NaN       NaN  \n",
       "income             NaN        NaN  0.895571  \n",
       "inflation          NaN        NaN       NaN  \n",
       "life_expec         1.0        NaN       NaN  \n",
       "total_fer          NaN   1.000000       NaN  \n",
       "gdpp               NaN        NaN  1.000000  "
      ]
     },
     "execution_count": 10,
     "metadata": {},
     "output_type": "execute_result"
    }
   ],
   "source": [
    "standard_df.corr()[standard_df.corr() > 0.8]"
   ]
  },
  {
   "cell_type": "code",
   "execution_count": 11,
   "metadata": {},
   "outputs": [
    {
     "data": {
      "text/html": [
       "<div>\n",
       "<style scoped>\n",
       "    .dataframe tbody tr th:only-of-type {\n",
       "        vertical-align: middle;\n",
       "    }\n",
       "\n",
       "    .dataframe tbody tr th {\n",
       "        vertical-align: top;\n",
       "    }\n",
       "\n",
       "    .dataframe thead th {\n",
       "        text-align: right;\n",
       "    }\n",
       "</style>\n",
       "<table border=\"1\" class=\"dataframe\">\n",
       "  <thead>\n",
       "    <tr style=\"text-align: right;\">\n",
       "      <th></th>\n",
       "      <th>child_mort</th>\n",
       "      <th>exports</th>\n",
       "      <th>health</th>\n",
       "      <th>imports</th>\n",
       "      <th>income</th>\n",
       "      <th>inflation</th>\n",
       "      <th>life_expec</th>\n",
       "      <th>total_fer</th>\n",
       "      <th>gdpp</th>\n",
       "    </tr>\n",
       "  </thead>\n",
       "  <tbody>\n",
       "    <tr>\n",
       "      <th>child_mort</th>\n",
       "      <td>NaN</td>\n",
       "      <td>NaN</td>\n",
       "      <td>NaN</td>\n",
       "      <td>NaN</td>\n",
       "      <td>NaN</td>\n",
       "      <td>NaN</td>\n",
       "      <td>-0.886676</td>\n",
       "      <td>NaN</td>\n",
       "      <td>NaN</td>\n",
       "    </tr>\n",
       "    <tr>\n",
       "      <th>exports</th>\n",
       "      <td>NaN</td>\n",
       "      <td>NaN</td>\n",
       "      <td>NaN</td>\n",
       "      <td>NaN</td>\n",
       "      <td>NaN</td>\n",
       "      <td>NaN</td>\n",
       "      <td>NaN</td>\n",
       "      <td>NaN</td>\n",
       "      <td>NaN</td>\n",
       "    </tr>\n",
       "    <tr>\n",
       "      <th>health</th>\n",
       "      <td>NaN</td>\n",
       "      <td>NaN</td>\n",
       "      <td>NaN</td>\n",
       "      <td>NaN</td>\n",
       "      <td>NaN</td>\n",
       "      <td>NaN</td>\n",
       "      <td>NaN</td>\n",
       "      <td>NaN</td>\n",
       "      <td>NaN</td>\n",
       "    </tr>\n",
       "    <tr>\n",
       "      <th>imports</th>\n",
       "      <td>NaN</td>\n",
       "      <td>NaN</td>\n",
       "      <td>NaN</td>\n",
       "      <td>NaN</td>\n",
       "      <td>NaN</td>\n",
       "      <td>NaN</td>\n",
       "      <td>NaN</td>\n",
       "      <td>NaN</td>\n",
       "      <td>NaN</td>\n",
       "    </tr>\n",
       "    <tr>\n",
       "      <th>income</th>\n",
       "      <td>NaN</td>\n",
       "      <td>NaN</td>\n",
       "      <td>NaN</td>\n",
       "      <td>NaN</td>\n",
       "      <td>NaN</td>\n",
       "      <td>NaN</td>\n",
       "      <td>NaN</td>\n",
       "      <td>NaN</td>\n",
       "      <td>NaN</td>\n",
       "    </tr>\n",
       "    <tr>\n",
       "      <th>inflation</th>\n",
       "      <td>NaN</td>\n",
       "      <td>NaN</td>\n",
       "      <td>NaN</td>\n",
       "      <td>NaN</td>\n",
       "      <td>NaN</td>\n",
       "      <td>NaN</td>\n",
       "      <td>NaN</td>\n",
       "      <td>NaN</td>\n",
       "      <td>NaN</td>\n",
       "    </tr>\n",
       "    <tr>\n",
       "      <th>life_expec</th>\n",
       "      <td>-0.886676</td>\n",
       "      <td>NaN</td>\n",
       "      <td>NaN</td>\n",
       "      <td>NaN</td>\n",
       "      <td>NaN</td>\n",
       "      <td>NaN</td>\n",
       "      <td>NaN</td>\n",
       "      <td>NaN</td>\n",
       "      <td>NaN</td>\n",
       "    </tr>\n",
       "    <tr>\n",
       "      <th>total_fer</th>\n",
       "      <td>NaN</td>\n",
       "      <td>NaN</td>\n",
       "      <td>NaN</td>\n",
       "      <td>NaN</td>\n",
       "      <td>NaN</td>\n",
       "      <td>NaN</td>\n",
       "      <td>NaN</td>\n",
       "      <td>NaN</td>\n",
       "      <td>NaN</td>\n",
       "    </tr>\n",
       "    <tr>\n",
       "      <th>gdpp</th>\n",
       "      <td>NaN</td>\n",
       "      <td>NaN</td>\n",
       "      <td>NaN</td>\n",
       "      <td>NaN</td>\n",
       "      <td>NaN</td>\n",
       "      <td>NaN</td>\n",
       "      <td>NaN</td>\n",
       "      <td>NaN</td>\n",
       "      <td>NaN</td>\n",
       "    </tr>\n",
       "  </tbody>\n",
       "</table>\n",
       "</div>"
      ],
      "text/plain": [
       "            child_mort  exports  health  imports  income  inflation  \\\n",
       "child_mort         NaN      NaN     NaN      NaN     NaN        NaN   \n",
       "exports            NaN      NaN     NaN      NaN     NaN        NaN   \n",
       "health             NaN      NaN     NaN      NaN     NaN        NaN   \n",
       "imports            NaN      NaN     NaN      NaN     NaN        NaN   \n",
       "income             NaN      NaN     NaN      NaN     NaN        NaN   \n",
       "inflation          NaN      NaN     NaN      NaN     NaN        NaN   \n",
       "life_expec   -0.886676      NaN     NaN      NaN     NaN        NaN   \n",
       "total_fer          NaN      NaN     NaN      NaN     NaN        NaN   \n",
       "gdpp               NaN      NaN     NaN      NaN     NaN        NaN   \n",
       "\n",
       "            life_expec  total_fer  gdpp  \n",
       "child_mort   -0.886676        NaN   NaN  \n",
       "exports            NaN        NaN   NaN  \n",
       "health             NaN        NaN   NaN  \n",
       "imports            NaN        NaN   NaN  \n",
       "income             NaN        NaN   NaN  \n",
       "inflation          NaN        NaN   NaN  \n",
       "life_expec         NaN        NaN   NaN  \n",
       "total_fer          NaN        NaN   NaN  \n",
       "gdpp               NaN        NaN   NaN  "
      ]
     },
     "execution_count": 11,
     "metadata": {},
     "output_type": "execute_result"
    }
   ],
   "source": [
    "standard_df.corr()[standard_df.corr() < -0.8]"
   ]
  },
  {
   "cell_type": "code",
   "execution_count": 12,
   "metadata": {},
   "outputs": [
    {
     "data": {
      "text/plain": [
       "['child_mort', 'income']"
      ]
     },
     "execution_count": 12,
     "metadata": {},
     "output_type": "execute_result"
    }
   ],
   "source": [
    "ones_frame = np.ones(standard_df.corr().shape)\n",
    "lower_triangle = np.tril(ones_frame, k=-1)\n",
    "lower = standard_df.corr().where(lower_triangle.astype('bool'))\n",
    "to_drop = []\n",
